000 256 (256,256,1)
001 256 (256,256,1)
002 256 (256,256,1)
003 256 (256,256,1)
004 256 (256,256,1)
005 256 (256,256,1)
006 256 (256,256,1)
007 256 (256,256,1)
008 256 (256,256,1)
009 256 (256,256,1)
010 256 (256,256,1)
011 256 (256,256,1)
012 256 (256,256,1)
013 256 (256,256,1)
014 256 (256,256,1)
015 256 (256,256,1)
016 256 (256,256,1)
017 256 (256,256,1)
018 256 (256,256,1)
019 256 (256,256,1)
020 256 (256,256,1)
021 256 (256,256,1)
022 256 (256,256,1)
023 256 (256,256,1)
024 256 (256,256,1)
025 256 (256,256,1)
026 256 (256,256,1)
027 256 (256,256,1)
028 256 (256,256,1)
029 256 (256,256,1)
030 256 (256,256,1)
031 256 (256,256,1)
032 256 (256,256,1)
033 256 (256,256,1)
034 256 (256,256,1)
035 256 (256,256,1)
036 256 (256,256,1)
037 256 (256,256,1)
038 256 (256,256,1)
039 256 (256,256,1)
040 256 (256,256,1)
041 256 (256,256,1)
042 256 (256,256,1)
043 256 (256,256,1)
044 256 (256,256,1)
045 256 (256,256,1)
046 256 (256,256,1)
047 256 (256,256,1)
048 256 (256,256,1)
049 256 (256,256,1)
050 256 (256,256,1)
051 256 (256,256,1)
052 256 (256,256,1)
053 256 (256,256,1)
054 256 (256,256,1)
055 256 (256,256,1)
056 256 (256,256,1)
057 256 (256,256,1)
058 256 (256,256,1)
059 256 (256,256,1)
060 256 (256,256,1)
061 256 (256,256,1)
062 256 (256,256,1)
063 256 (256,256,1)
064 256 (256,256,1)
065 256 (256,256,1)
066 256 (256,256,1)
067 256 (256,256,1)
068 256 (256,256,1)
069 256 (256,256,1)
070 256 (256,256,1)
071 256 (256,256,1)
072 256 (256,256,1)
073 256 (256,256,1)
074 256 (256,256,1)
075 256 (256,256,1)
076 256 (256,256,1)
077 256 (256,256,1)
078 256 (256,256,1)
079 256 (256,256,1)
080 256 (256,256,1)
081 256 (256,256,1)
082 256 (256,256,1)
083 256 (256,256,1)
084 256 (256,256,1)
085 256 (256,256,1)
086 256 (256,256,1)
087 256 (256,256,1)
088 256 (256,256,1)
089 256 (256,256,1)
090 256 (256,256,1)
091 256 (256,256,1)
092 256 (256,256,1)
093 256 (256,256,1)
094 256 (256,256,1)
095 256 (256,256,1)
096 256 (256,256,1)
097 256 (256,256,1)
098 256 (256,256,1)
099 256 (256,256,1)